[gd_scene load_steps=9 format=3 uid="uid://odu35t5368lf"]

[ext_resource type="Script" path="res://main.gd" id="1_o7iy0"]
[ext_resource type="PackedScene" uid="uid://dst4tfg3ofot1" path="res://player.tscn" id="1_tp6i5"]
[ext_resource type="PackedScene" uid="uid://bn3eef0s0n0h1" path="res://mob.tscn" id="2_07kyg"]

[sub_resource type="BoxShape3D" id="BoxShape3D_didj3"]
size = Vector3(60, 2, 60)

[sub_resource type="BoxMesh" id="BoxMesh_376oh"]
size = Vector3(60, 2, 60)

[sub_resource type="StandardMaterial3D" id="StandardMaterial3D_px25q"]
albedo_color = Color(1, 0.313726, 1, 1)

[sub_resource type="CylinderMesh" id="CylinderMesh_k50wi"]
material = SubResource("StandardMaterial3D_px25q")

[sub_resource type="Curve3D" id="Curve3D_m44bh"]
_data = {
"points": PackedVector3Array(0, 0, 0, 0, 0, 0, -16.3229, 0.00894928, -11.3077, 0, 0, 0, 0, 0, 0, 17.362, 0.00904083, -11.2697, 0, 0, 0, 0, 0, 0, 16.4924, -0.0103989, 13.1455, 0, 0, 0, 0, 0, 0, -16.4314, -0.0108337, 13.5469, 0, 0, 0, 0, 0, 0, -16.3229, 0.00894928, -11.3077),
"tilts": PackedFloat32Array(0, 0, 0, 0, 0)
}
point_count = 5

[node name="Main" type="Node"]
script = ExtResource("1_o7iy0")
mob_scene = ExtResource("2_07kyg")

[node name="Ground" type="StaticBody3D" parent="."]
transform = Transform3D(1, 0, 0, 0, 1, 0, 0, 0, 1, 0, -2, 0)
collision_layer = 4
collision_mask = 0

[node name="CollisionShape3D" type="CollisionShape3D" parent="Ground"]
shape = SubResource("BoxShape3D_didj3")

[node name="MeshInstance3D" type="MeshInstance3D" parent="Ground"]
mesh = SubResource("BoxMesh_376oh")

[node name="DirectionalLight3D" type="DirectionalLight3D" parent="."]
transform = Transform3D(1, 0, 0, 0, 0.131807, 0.991275, 0, -0.991275, 0.131807, -347.981, -378.902, -308.864)
shadow_enabled = true

[node name="Player" parent="." instance=ExtResource("1_tp6i5")]

[node name="CameraPivot" type="Marker3D" parent="."]
transform = Transform3D(-1, 8.9407e-08, 8.9407e-08, 0, 0.707107, -0.707107, -1.19209e-07, -0.707107, -0.707107, 0, 0, -5)

[node name="Camera3D" type="Camera3D" parent="CameraPivot"]
transform = Transform3D(-1, 2.98023e-08, -5.96046e-08, 0, 0.866025, 0.5, 5.96046e-08, 0.5, -0.866025, 0, 0, -17)

[node name="Cylinders" type="Node3D" parent="."]
transform = Transform3D(1, 0, 0, 0, 1, 0, 0, 0, 1, -17, 0, -11)

[node name="MeshInstance3D" type="MeshInstance3D" parent="Cylinders"]
transform = Transform3D(1, 0, 0, 0, 1, 0, 0, 0, 1, 1, 0, 0)
mesh = SubResource("CylinderMesh_k50wi")

[node name="MeshInstance3D2" type="MeshInstance3D" parent="Cylinders"]
transform = Transform3D(1, 0, 0, 0, 1, 0, 0, 0, 1, 33, 0, 24)
mesh = SubResource("CylinderMesh_k50wi")
skeleton = NodePath("")

[node name="MeshInstance3D3" type="MeshInstance3D" parent="Cylinders"]
transform = Transform3D(1, 0, 0, 0, 1, 0, 0, 0, 1, 34, 0, 0)
mesh = SubResource("CylinderMesh_k50wi")
skeleton = NodePath("")

[node name="MeshInstance3D4" type="MeshInstance3D" parent="Cylinders"]
transform = Transform3D(1, 0, 0, 0, 1, 0, 0, 0, 1, 1, 0, 24)
mesh = SubResource("CylinderMesh_k50wi")
skeleton = NodePath("")

[node name="SpawnPath" type="Path3D" parent="."]
curve = SubResource("Curve3D_m44bh")

[node name="SpawnLocation" type="PathFollow3D" parent="SpawnPath"]
transform = Transform3D(-0.001128, -2.71783e-06, -0.999998, 0, 1, -2.71783e-06, 0.999998, -3.06572e-09, -0.001128, -16.3229, 0.00894928, -11.3077)

[node name="MobTimer" type="Timer" parent="."]
wait_time = 0.5
autostart = true

[connection signal="timeout" from="MobTimer" to="." method="_on_mob_timer_timeout"]
